,median_hr,mean_hr,std_hr,min_hr,max_hr,age
median_hr,1.0,0.9795,0.3134,0.8414,0.8876,0.0941
mean_hr,0.9795,1.0,0.3784,0.8233,0.9437,0.1047
std_hr,0.3134,0.3784,1.0,-0.0502,0.5932,0.1026
min_hr,0.8414,0.8233,-0.0502,1.0,0.644,-0.0522
max_hr,0.8876,0.9437,0.5932,0.644,1.0,0.1679
age,0.0941,0.1047,0.1026,-0.0522,0.1679,1.0
